"Date","Numberofsubscribers","increament"
23.05.24,47666,-71
21.05.24,47737,-138
20.05.24,47875,-72
19.05.24,47947,+8
18.05.24,47939,-2
17.05.24,47941,-70
16.05.24,48011,-3
15.05.24,48014,-1
14.05.24,48015,+130
13.05.24,47885,+340
13.05.24,47885,+340
12.05.24,47545,+217
11.05.24,47328,+641
10.05.24,46687,-72
09.05.24,46759,-94
08.05.24,46853,-85
07.05.24,46938,-105
06.05.24,47043,-51
05.05.24,47094,-79
04.05.24,47173,-59
03.05.24,47232,-66
02.05.24,47298,-96
01.05.24,47394,-67
30.04.24,47461,-33
29.04.24,47494,-51
28.04.24,47545,-160
27.04.24,47705,-177
26.04.24,47882,-2
25.04.24,47884,+27
24.04.24,47857,+22
23.04.24,47835,+43
22.04.24,47792,+63
21.04.24,47729,+441
20.04.24,47288,+660
19.04.24,46628,+19
18.04.24,46609,-54
17.04.24,46663,+25
16.04.24,46638,+284
15.04.24,46354,-93
14.04.24,46447,-48
13.04.24,46495,-51
12.04.24,46546,-31
11.04.24,46577,+96
10.04.24,46481,+34
09.04.24,46447,-63
08.04.24,46510,-171
07.04.24,46681,-69
06.04.24,46750,-110
05.04.24,46860,-135
04.04.24,46995,+33
03.04.24,46962,-23
02.04.24,46985,+124
01.04.24,46861,-49
31.03.24,46910,+19
30.03.24,46891,0
29.03.24,46891,+26
28.03.24,46865,+343
27.03.24,46522,-111
26.03.24,46633,-183
25.03.24,46816,-201
24.03.24,47017,+12
23.03.24,47005,+170
22.03.24,46835,+479
21.03.24,46356,+830
20.03.24,45526,+462
19.03.24,45064,+719
18.03.24,44345,+683
17.03.24,43662,+2146
16.03.24,41516,+3796
15.03.24,37720,+4643
14.03.24,33077,+3201
13.03.24,29876,+2265
12.03.24,27611,-109
11.03.24,27720,-51
10.03.24,27771,+95
09.03.24,27676,+423
08.03.24,27253,-101
07.03.24,27354,-51
06.03.24,27405,-70
05.03.24,27475,-34
04.03.24,27509,-61
03.03.24,27570,-58
02.03.24,27628,-89
01.03.24,27717,-73
29.02.24,27790,-99
28.02.24,27889,-140
27.02.24,28029,-58
26.02.24,28087,-164
25.02.24,28251,+723
24.02.24,27528,+205
23.02.24,27323,-74
22.02.24,27397,+63
21.02.24,27334,+23
20.02.24,27311,+1064
19.02.24,26247,-8
18.02.24,26255,+93
17.02.24,26162,+1013
16.02.24,25149,+891
15.02.24,24258,+1987
14.02.24,22271,-28
13.02.24,22299,-110
12.02.24,22409,-171
11.02.24,22580,+927
10.02.24,21653,+702
09.02.24,20951,-37
08.02.24,20988,-20
07.02.24,21008,-26
06.02.24,21034,-80
05.02.24,21114,-42
04.02.24,21156,+34
03.02.24,21122,+300
02.02.24,20822,-70
01.02.24,20892,-17
31.01.24,20909,-13
30.01.24,20922,-19
29.01.24,20941,-31
28.01.24,20972,-25
27.01.24,20997,+181
26.01.24,20816,-34
25.01.24,20850,-22
24.01.24,20872,-23
23.01.24,20895,-34
22.01.24,20929,-51
21.01.24,20980,-24
20.01.24,21004,-35
19.01.24,21039,-58
18.01.24,21097,-47
17.01.24,21144,-30
16.01.24,21174,-27
15.01.24,21201,-27
14.01.24,21228,+97
13.01.24,21131,+194
12.01.24,20937,-57
11.01.24,20994,-35
10.01.24,21029,-40
09.01.24,21069,-52
08.01.24,21121,-46
07.01.24,21167,-33
06.01.24,21200,-90
05.01.24,21290,-26
04.01.24,21316,+20
03.01.24,21296,+406
02.01.24,20890,-17
01.01.24,20907,-94
31.12.23,21001,-36
30.12.23,21037,-20
29.12.23,21057,-48
28.12.23,21105,-73
27.12.23,21178,+46
26.12.23,21132,-11
