Date,Numberofsubscribers,increament,Bank
2022-05-24,121203,48,CBE
2021-05-24,121155,384,CBE
2020-05-24,120771,119,CBE
2019-05-24,120652,81,CBE
2018-05-24,120571,-29,CBE
2017-05-24,120600,-72,CBE
2016-05-24,120672,-11,CBE
2015-05-24,120683,138,CBE
2014-05-24,120545,226,CBE
2013-05-24,120319,63,CBE
2013-05-24,120319,63,CBE
2012-05-24,120256,17,CBE
2011-05-24,120239,218,CBE
2010-05-24,120021,397,CBE
2009-05-24,119624,876,CBE
2008-05-24,118748,51,CBE
2007-05-24,118697,75,CBE
2006-05-24,118622,12,CBE
2005-05-24,118610,926,CBE
2004-05-24,117684,1420,CBE
2003-05-24,116264,-114,CBE
2002-05-24,116378,245,CBE
2001-05-24,116133,240,CBE
2030-04-24,115893,1203,CBE
2029-04-24,114690,667,CBE
2028-04-24,114023,19,CBE
2027-04-24,114004,20,CBE
2026-04-24,113984,225,CBE
2025-04-24,113759,-99,CBE
2024-04-24,113858,72,CBE
2023-04-24,113786,103,CBE
2022-04-24,113683,97,CBE
2021-04-24,113586,-152,CBE
2020-04-24,113738,11,CBE
2019-04-24,113727,98,CBE
2018-04-24,113629,76,CBE
2017-04-24,113553,25,CBE
2016-04-24,113528,140,CBE
2015-04-24,113388,223,CBE
2014-04-24,113165,106,CBE
2013-04-24,113059,12,CBE
2012-04-24,113047,83,CBE
2011-04-24,112964,-29,CBE
2010-04-24,112993,87,CBE
2009-04-24,112906,382,CBE
2008-04-24,112524,321,CBE
2007-04-24,112203,165,CBE
2006-04-24,112038,204,CBE
2005-04-24,111834,160,CBE
2004-04-24,111674,-20,CBE
2003-04-24,111694,243,CBE
2002-04-24,111451,444,CBE
2001-04-24,111007,307,CBE
2031-03-24,110700,84,CBE
2030-03-24,110616,132,CBE
2029-03-24,110484,217,CBE
2028-03-24,110267,316,CBE
2027-03-24,109951,565,CBE
2026-03-24,109386,376,CBE
2025-03-24,109010,-52,CBE
2024-03-24,109062,88,CBE
2023-03-24,108974,200,CBE
2022-03-24,108774,177,CBE
2021-03-24,108597,312,CBE
2020-03-24,108285,405,CBE
2019-03-24,107880,486,CBE
2018-03-24,107394,926,CBE
2017-03-24,106468,1015,CBE
2016-03-24,105453,2503,CBE
2015-03-24,102950,-14,CBE
2014-03-24,102964,-13,CBE
2013-03-24,102977,-50,CBE
2012-03-24,103027,69,CBE
2011-03-24,102958,24,CBE
2010-03-24,102934,-21,CBE
2009-03-24,102955,68,CBE
2008-03-24,102887,27,CBE
2007-03-24,102860,34,CBE
2006-03-24,102826,146,CBE
2005-03-24,102680,70,CBE
2004-03-24,102610,144,CBE
2003-03-24,102466,-110,CBE
2002-03-24,102576,129,CBE
2001-03-24,102447,123,CBE
2029-02-24,102324,160,CBE
2028-02-24,102164,128,CBE
2027-02-24,102036,57,CBE
2026-02-24,101979,130,CBE
2025-02-24,101849,93,CBE
2024-02-24,101756,153,CBE
2023-02-24,101603,-33,CBE
2022-02-24,101636,284,CBE
2021-02-24,101352,244,CBE
2020-02-24,101108,468,CBE
2019-02-24,100640,88,CBE
2018-02-24,100552,102,CBE
2017-02-24,100450,140,CBE
2016-02-24,100310,85,CBE
2015-02-24,100225,111,CBE
2014-02-24,100114,69,CBE
2013-02-24,100045,34,CBE
2012-02-24,100011,90,CBE
2011-02-24,99921,60,CBE
2010-02-24,99861,-5,CBE
2009-02-24,99866,112,CBE
2008-02-24,99754,-14,CBE
2007-02-24,99768,-47,CBE
2006-02-24,99815,97,CBE
2005-02-24,99718,126,CBE
2004-02-24,99592,103,CBE
2003-02-24,99489,82,CBE
2002-02-24,99407,-3,CBE
2001-02-24,99410,-26,CBE
2031-01-24,99436,237,CBE
2030-01-24,99199,99,CBE
2029-01-24,99100,87,CBE
2028-01-24,99013,75,CBE
2027-01-24,98938,77,CBE
2026-01-24,98861,106,CBE
2025-01-24,98755,320,CBE
2024-01-24,98435,163,CBE
2023-01-24,98272,272,CBE
2022-01-24,98000,37,CBE
2021-01-24,97963,99,CBE
2020-01-24,97864,143,CBE
2019-01-24,97721,184,CBE
2018-01-24,97537,141,CBE
2017-01-24,97396,-65,CBE
2016-01-24,97461,28,CBE
2015-01-24,97433,225,CBE
2014-01-24,97208,159,CBE
2013-01-24,97049,135,CBE
2012-01-24,96914,247,CBE
2011-01-24,96667,773,CBE
2010-01-24,95894,660,CBE
2009-01-24,95234,89,CBE
2008-01-24,95145,141,CBE
2007-01-24,95004,103,CBE
2006-01-24,94901,440,CBE
2005-01-24,94461,117,CBE
2004-01-24,94344,-43,CBE
2003-01-24,94387,-28,CBE
2002-01-24,94415,99,CBE
2001-01-24,94316,136,CBE
2031-12-23,94180,55,CBE
2030-12-23,94125,-6,CBE
2029-12-23,94131,-18,CBE
2028-12-23,94149,65,CBE
2027-12-23,94084,126,CBE
2026-12-23,93958,74,CBE
2023-05-24,161596,-100,BOA
2021-05-24,161696,-10,BOA
2020-05-24,161706,104,BOA
2019-05-24,161602,5,BOA
2018-05-24,161597,-6,BOA
2017-05-24,161603,4,BOA
2016-05-24,161599,65,BOA
2015-05-24,161534,47,BOA
2014-05-24,161487,115,BOA
2013-05-24,161372,108,BOA
2013-05-24,161372,108,BOA
2012-05-24,161264,2,BOA
2011-05-24,161262,7,BOA
2010-05-24,161255,-25,BOA
2009-05-24,161280,33,BOA
2008-05-24,161247,-2,BOA
2007-05-24,161249,90,BOA
2006-05-24,161159,28,BOA
2005-05-24,161131,-72,BOA
2004-05-24,161203,32,BOA
2003-05-24,161171,52,BOA
2002-05-24,161119,6,BOA
2001-05-24,161113,-113,BOA
2030-04-24,161226,-27,BOA
2029-04-24,161253,-74,BOA
2028-04-24,161327,-63,BOA
2027-04-24,161390,-39,BOA
2026-04-24,161429,-90,BOA
2025-04-24,161519,-60,BOA
2024-04-24,161579,-104,BOA
2023-04-24,161683,-14,BOA
2022-04-24,161697,-50,BOA
2021-04-24,161747,-61,BOA
2020-04-24,161808,-57,BOA
2019-04-24,161865,-111,BOA
2018-04-24,161976,-96,BOA
2017-04-24,162072,-101,BOA
2016-04-24,162173,9,BOA
2015-04-24,162164,-8,BOA
2014-04-24,162172,-49,BOA
2013-04-24,162221,-81,BOA
2012-04-24,162302,-101,BOA
2011-04-24,162403,-32,BOA
2010-04-24,162435,-93,BOA
2009-04-24,162528,-75,BOA
2008-04-24,162603,19,BOA
2007-04-24,162584,-39,BOA
2006-04-24,162623,-32,BOA
2005-04-24,162655,-73,BOA
2004-04-24,162728,-46,BOA
2003-04-24,162774,-59,BOA
2002-04-24,162833,-42,BOA
2001-04-24,162875,-72,BOA
2031-03-24,162947,-100,BOA
2030-03-24,163047,-67,BOA
2029-03-24,163114,-28,BOA
2028-03-24,163142,-27,BOA
2027-03-24,163169,-70,BOA
2026-03-24,163239,11,BOA
2025-03-24,163228,23,BOA
2024-03-24,163205,-75,BOA
2023-03-24,163280,6,BOA
2022-03-24,163274,-83,BOA
2021-03-24,163357,-14,BOA
2020-03-24,163371,-16,BOA
2019-03-24,163387,-61,BOA
2018-03-24,163448,43,BOA
2017-03-24,163405,19,BOA
2016-03-24,163386,19,BOA
2015-03-24,163367,-110,BOA
2014-03-24,163477,-37,BOA
2013-03-24,163514,-50,BOA
2012-03-24,163564,105,BOA
2011-03-24,163459,-22,BOA
2010-03-24,163481,-68,BOA
2009-03-24,163549,-104,BOA
2008-03-24,163653,-145,BOA
2007-03-24,163798,-164,BOA
2006-03-24,163962,-86,BOA
2005-03-24,164048,-30,BOA
2004-03-24,164078,-3,BOA
2003-03-24,164081,-54,BOA
2002-03-24,164135,-78,BOA
2001-03-24,164213,-91,BOA
2029-02-24,164304,-134,BOA
2028-02-24,164438,-123,BOA
2027-02-24,164561,-59,BOA
2026-02-24,164620,-44,BOA
2025-02-24,164664,-67,BOA
2024-02-24,164731,-78,BOA
2023-02-24,164809,-130,BOA
2022-02-24,164939,-66,BOA
2021-02-24,165005,-115,BOA
2020-02-24,165120,2,BOA
2019-02-24,165118,-135,BOA
2018-02-24,165253,-37,BOA
2017-02-24,165290,-63,BOA
2016-02-24,165353,-159,BOA
2015-02-24,165512,-77,BOA
2014-02-24,165589,-131,BOA
2013-02-24,165720,33,BOA
2012-02-24,165687,22,BOA
2011-02-24,165665,-130,BOA
2010-02-24,165795,-114,BOA
2009-02-24,165909,-128,BOA
2008-02-24,166037,47,BOA
2007-02-24,165990,-64,BOA
2006-02-24,166054,38,BOA
2005-02-24,166016,-8,BOA
2004-02-24,166024,-21,BOA
2003-02-24,166045,-56,BOA
2002-02-24,166101,-136,BOA
2001-02-24,166237,-63,BOA
2031-01-24,166300,-186,BOA
2030-01-24,166486,22,BOA
2029-01-24,166464,-5,BOA
2028-01-24,166469,-16,BOA
2027-01-24,166485,-21,BOA
2026-01-24,166506,-133,BOA
2025-01-24,166639,53,BOA
2024-01-24,166586,-25,BOA
2023-01-24,166611,29,BOA
2022-01-24,166582,-154,BOA
2021-01-24,166736,-96,BOA
2020-01-24,166832,-75,BOA
2019-01-24,166907,-120,BOA
2018-01-24,167027,-116,BOA
2017-01-24,167143,240,BOA
2016-01-24,166903,669,BOA
2015-01-24,166234,82,BOA
2014-01-24,166152,2,BOA
2013-01-24,166150,126,BOA
2012-01-24,166024,568,BOA
2011-01-24,165456,257,BOA
2010-01-24,165199,55,BOA
2009-01-24,165144,268,BOA
2008-01-24,164876,-20,BOA
2007-01-24,164896,-117,BOA
2006-01-24,165013,-158,BOA
2005-01-24,165171,-150,BOA
2004-01-24,165321,-24,BOA
2003-01-24,165345,13,BOA
2002-01-24,165332,584,BOA
2001-01-24,164748,-42,BOA
2031-12-23,164790,-135,BOA
2030-12-23,164925,-222,BOA
2029-12-23,165147,-230,BOA
2028-12-23,165377,-76,BOA
2027-12-23,165453,81,BOA
2026-12-23,165372,900,BOA
